-0.7957771908470455
-0.20899020455069206
-0.28331456142425826
-0.8829920588403855
-0.8151465342331389
-0.9344035901863774
0.32498281001575546
-0.9697657870642481
-0.7037596862460024
-0.7265851732096158
0.7737743360190614
0.23207216470087788
0.03872299457627948
-0.14405595726916232
0.7296508819525953
 0.387091345210804
0.6192991211242163
-0.8145700719027742
0.2760615460410969
-0.33794814607342516
-0.12422618997534074
0.2351667698942963
0.01974316897771322
0.020367687964817582
0.11811312395800289
-0.4444453612830671
0.8244052073143908
0.10017624301573647
-0.17870922159470792
0.11759603972115085
-0.06752761431317922
0.0860404333728837
0.5136370753991182
-0.34589711114260147
-0.5621064404392497
 0.183322563961007
0.15650863345993904
-0.9384146725815116
0.6279448721494789
0.5108671593589507
-0.4871035216372629
-0.44472934456547086
-0.07182820842203064
0.08401328837175881
0.19098131031482235
-0.491529156644418
0.11065721215219182
0.9486059378218592
0.7463679000873824
-0.13679481959809758
0.7655456000531928
0.2919986527335763
0.9151683486995978
-0.3192629892113792
0.06355652681543211
-0.5715433349646871
0.2900167381333354
-0.8391463677610863
-0.29981318514546096
-0.4365124394714215
-0.1038726805000012
-0.0030379542092935363
0.7057183771742663
0.8784602017429639
-0.5172336680643376
0.051652845982169904
0.26881839771928884
0.1503101830626299
0.46703459746605236
-0.7006799644759452
0.8291936733599681
0.8367246068880729
-0.9424887052525079
0.8871346312102377
-0.10788548723973501
-0.8397557218560159
-0.37472899577191987
0.19953099081202996
0.8920693016156516
0.08559741989438319
0.7068731756521374
0.06015950841780482
0.8278052301353329
0.21969219548488383
0.5081959405202747
-0.20796435778579492
-0.5857155352783572
0.12395156384191086
0.16475533667917341
-0.6841837780554227
0.6963184421396011
0.6380327078616703
-0.8992018623874631
-0.0068677836383918
-0.5156138385060994
0.5378991902932151
-0.020182974968075973
-0.759172914917112
0.7555592460015588
-0.3691857995473323
-0.5069703630954996
-0.5811909141886895
-0.8409995689862797
0.0493446589493447
-0.571047030811515
-0.6406344115966169
-0.5897500163316877
0.15122329147339109
0.4108119199552478
0.3573522463780465
0.043748659629001097
-0.4370718987320573
0.7291136263694349
0.21907784260115504
0.4150061405828809
-0.5572163065910227
0.9425352498737223
-0.8059087504850171
0.00816123218548137
-0.4446548717747014
0.2080385374207785
-0.38586785205796126
-0.6396316180724306
-0.836993949817351
-0.04497964304458235
-0.7011663814006787
-0.7422924086622393
0.13100785700614948
0.4999445765724364
-0.46495115845989077
-0.7339572083225847
0.013279547153590254
0.10040114288967561
0.5620087068874187
 0.720195598726612
0.6441548118551519
-0.3988933190715578
-0.4830876659559684
-0.5290505905532193
 0.904912625617408
0.11617284256159399
-0.8653787255620007
0.09984205571541893
0.3676177033883663
-0.554247754504747
0.7571546412639194
0.006731980583690289
-0.8160376991288647
0.3356941838086376
0.8713785356827923
-0.44711200455436095
-0.03452038195785967
-0.29139693108155307
-0.5759276655916763
0.5799434591692014
0.8287866274401621
-0.6371521419785182
0.15257754949921942
0.483791215346
0.02580624390484254
-0.35544800762115725
-0.03111555346056849
0.06701169051813016
-0.5980776307020654
-0.7488418507632226
 0.975412070700217
0.08844615568601877
-0.4593335851015923
-0.5878056758400234
-0.9568679192905052
0.43110914146259893
0.2245824257380047
-0.41140566222687946
-0.812551483089978
-0.7397930562613639
0.9761955413825578
0.11816209200927874
-0.9062245209152502
0.6800728813793921
0.5383981582075166
0.9773168673659938
-0.8426235766004468
0.9505084625482823
0.7963303911206903
0.38440765865985527
0.22224235947620086
-0.11141722360779249
0.15958131091648742
0.37549059232680215
0.1531153518571866
0.5561034943306917
0.5131871819564029
-0.6575310407465835
-0.48588754798643075
0.8028827150553688
-0.3629264380347228
 -0.58685774124659
-0.030261515952302087
0.9993663451209478
-0.3662117274216202
0.9339205244918971
0.20798558599568495
-0.886521910239537
0.6411485692254439
-0.3244079818843121
-0.6371138198651634
0.16268108438026352
0.6297752319484504
0.28926826120997595
0.14715040249498035
0.9655285113512941
0.26182908273257777
-0.7655801366699172
-0.5742509994308578
-0.8000181124484359
 0.544896877102639
-0.9266612939428873
-0.7327189076848797
0.4742377186517588
-0.026266856228671198
0.15688591838979038
-0.5967103354042207
-0.851051645160168
0.6853400594562731
0.9727408458453095
0.4789654817990683
0.6126776468612516
-0.8916415675629052
-0.3416122292668651
0.41575552914315006
0.0742479777089553
 0.869946062724003
-0.5755112519701651
0.40667311988746957
-0.09606001271025355
0.3042671075662984
-0.6426933772455568
-0.3325478952794899
-0.3861206992161398
0.7362032906078981
-0.21281498064645676
0.0959524964815921
-0.1825909931546411
-0.8448601677010014
-0.24956568159004522
-0.024063885841730248
0.9592280730312628
0.6100045509528789
-0.8521209610144224
0.09255137050294637
0.7496301905236451
0.6734956720401757
0.9300861155320606
0.5026956965475464
-0.7422354686677797
-0.3181897195709187
-0.6784357266481597
-0.32231895440518277
0.26482843821029345
 0.234081934988271
0.4928655957224519
-0.7207408831192612
-0.2723048596982742
0.13456468731627802
-0.8139442636103258
0.5453587966930129
0.6181122962512375
0.8969352337185084
-0.15558287658437897
-0.5991018572725415
0.24038238866752604
0.24918957945202957
0.8682886689780542
-0.5418975746083582
-0.01119099563135928
-0.44369082064816057
-0.36669222848811023
-0.511084061389443
0.0029741840929711216
 0.927939380229688
 0.979847899491205
-0.9416483114961778
-0.9277759988494175
0.6835708573399468
-0.3230621815228224
0.7231518570588267
-0.574270200153856
-0.8263800008080707
0.7407481066603254
-0.5769581217737505
-0.11985379400740181
-0.9260266353783213
0.12999885251041432
-0.17829551498494345
-0.381917092605512
-0.15112078076342417
-0.5838159233959401
0.15335113911862086
-0.7138329058245019
-0.7792526673325673
0.03681047505825075
-0.3083781907482165
0.08612568507848306
0.26453619499232084
0.7687326076139938
-0.595681908220385
-0.6518056278809521
-0.9189321629149774
-0.7586179225623324
-0.9496332161425848
-0.17861330250991714
0.4282804912313327
0.9134626069309599
-0.7676064354882561
-0.8862948498020236
 0.301556728269877
0.0800854466456169
0.9525895126696522
-0.10527775019367824
-0.4885237492981177
0.4768380266382155
-0.17714586220081396
0.37228225694329486
0.7657562021372275
 0.285759230118221
-0.4935366894763311
-0.9688728524066739
-0.9615297254059003
0.5133353756747931
-0.3428674721116334
-0.9761154311849713
0.40082780499597725
-0.676611553334949
0.23145041040223369
-0.18623705805624202
0.3697315331791524
0.8962423256251462
0.7079016912386786
0.7895551637883842
0.08123461549038913
0.05260068704250198
-0.22014646578920105
0.9570978173641664
0.5827803436931291
-0.38486602758738986
-0.9992892653552122
-0.25375422723933283
-0.9012532140489872
-0.49246403791630455
-0.8238344723661976
0.6143550581415713
-0.7860685649037191
0.7679763528204815
0.18708006919639142
 0.742872650592761
0.8270768406401294
 0.636264391120744
-0.16452627766902683
0.5248178601386171
0.13184092682810045
 0.451535899517187
-0.8801566825351232
0.8717326488630108
-0.5214571852175625
-0.5559062245106579
0.26718480103646347
-0.13940556851695907
-0.401253772150194
0.21318538148178634
0.5186092952272434
0.20386172734589625
0.48265175253787107
-0.2810679708979733
0.34707832688746865
-0.843640698428673
0.7970966688400705
0.2318366683587756
-0.8000683537629354
0.3253605882669506
-0.5400185946407359
-0.050439972926102916
0.07687645332641657
0.4740744875448266
0.7007537894666769
0.20746046973369658
-0.7912375353257818
-0.008303799131041734
-0.5663220826851123
-0.02095058168320063
0.6311341484451283
0.19969258706150428
0.6428400052714907
-0.017566996426652937
-0.15656238733217243
 0.867314775076417
-0.8691006776258483
0.8396633344510702
0.2091256719997887
0.9344350423026264
-0.0007208660738565742
-0.05120618428302248
-0.3236151628837318
-0.32577821548684394
 0.775359824006181
0.016217940989674995
0.4713794243129692
0.28906856620450716
0.4586549838175915
0.4346106931517659
0.7296104367707119
0.8395304952565605
-0.9799193959508609
-0.6735475796953654
0.5552442917456368
 0.624072384148145
 0.777327986782161
-0.9295561913046865
-0.9121318240735895
 0.868285330029968
0.5808891815565322
0.20963750789692415
0.9204217115856013
0.8792315973082752
0.2914468235235712
0.29237497791650857
0.8939928822948522
 0.688793160761934
0.5577986898445213
0.9327555413348916
-0.4039897155136911
0.5624330090328342
0.33606144689640094
-0.4206040382476093
0.5829693242317333
-0.25708617609417284
0.5289360034158215
-0.6475237754144936
0.023166398057407944
-0.5306404896554144
-0.7091023269379362
-0.17156265645452518
0.5507455413656108
-0.12774996437086827
0.7089877545861041
0.17854380154267546
-0.7197339933691321
0.4836074128408252
0.1670677432999279
0.16109249095347655
0.08031922121446655
 0.699328312942672
-0.5717203109878999
-0.10509838495624035
0.1876098520937861
-0.29795727199478417
-0.6259681327454307
-0.23093725879943516
0.33243404853976166
-0.8175955809752267
-0.08849541204494094
0.6471511706300381
-0.10675452510456274
 -0.75040297300609
0.21778569288823535
-0.051749897661794275
-0.13054876977477325
-0.2762482815422136
0.26476890904788974
-0.517102441788279
0.28413744811199604
0.6255208972833519
-0.1285614453791275
-0.10284391830889272
0.5352739695822413
0.4306946151577511
-0.3273850192386334
 0.472256926824121
-0.02075994997203623
0.8858199311077992
0.8477505442300595
 0.622454449201433
0.7155929629839854
0.8066008379441891
-0.8805502187187515
0.4856569457107267
0.5919757740311593
-0.4830027225486724
-0.8558441447982017
-0.5003224866428454
-0.9545440528747097
-0.3627461853488757
 0.948149352770383
-0.04402159983230236
-0.804680254938506
-0.30918805063139565
 -0.82996215582295
0.7977630298630347
0.9211232523586603
0.4602960368144313
-0.6656284724455299
-0.13725549819895722
0.4967857807239986
-0.7632884525276296
-0.38772184185753045
0.031655541698100365
-0.027448329995382714
0.39007990189729314
0.6329682544719213
-0.9335533706392419
0.6780359236185285
0.3547101923760516
0.7473541761757927
-0.776177007458849
0.3624183579036251
0.10745618889705644
0.6747717939701752
-0.7942982584009943
0.1633858939902224
0.8467398537974542
0.45983252252695306
-0.285687772600567
-0.14186514847815657
-0.9053647150528823
-0.24179325660615525
-0.3371641505638511
0.9103115679729772
0.2552281077840166
-0.17915893279385575
-0.8491188329487132
-0.6435319120630976
-0.8458499873238152
-0.6928957238143716
0.8654992248509032
0.4046904748797533
0.1918724731681427
-0.24329267872710902
0.29282178042596807
0.5462442771009322
0.2621844898263983
0.6547582256598439
-0.45890253031377026
-0.9819245518758813
-0.17265453324599955
-0.8030856701179736
-0.7710571986201716
 -0.83322048765976
0.4824826845613106
0.5904605448066249
-0.16155583821372488
-0.43771028353643604
0.0463484199920523
-0.7362765674204813
0.6111380623855118
0.8285101195954616
0.9430600219533327
-0.7135029388920473
-0.02879848974713095
0.15528767442978064
0.7688115772328215
0.5352743850260897
0.49901911444170977
0.13652122041970394
0.8622378477464627
-0.09263304090105073
-0.9140654254583189
0.5159317464313005
-0.2699408023453207
-0.8290828707809804
-0.10115921547159146
0.23715245720693012
-0.1551974122915255
 0.594161638014403
-0.3010265929549375
-0.6243866914060094
-0.7703673685501368
-0.8781171301651218
0.15195281363340585
0.5139301996947303
0.44790098337491613
0.6796331746128652
0.15373804373721311
-0.47682763187063637
-0.7863661794507066
-0.1058329349439362
-0.40450098954136604
0.025755160520987364
0.5088723439595539
0.23982003632289595
0.5605447413811033
0.4155467739678613
0.9628939345148739
-0.7335092875223782
-0.9878042280618214
-0.12234070904222127
0.8556537372024302
 0.270029118454465
-0.22132687167189502
-0.3558423300501129
-0.04239885545480271
0.38911285201011303
-0.8847815964693233
0.35963238701508615
0.5797964007407501
0.3043313771438343
0.6777860234257944
0.8128947683725738
0.9874393554817138
0.01798575109671252
-0.8392586713715395
-0.3870722357991121
0.8249096323982932
0.9744086295552452
0.1468310253040117
-0.6224165029417424
-0.18991225285344915
-0.746661868881836
0.8561951704835133
-0.6110916915683284
0.23278289934566554
0.7849687673369465
-0.04530917131814938
-0.7628131559637092
0.5632568728446066
0.23365417926578758
-0.6006386368064933
0.044037898861578384
0.8491319231229661
-0.38135353938257976
0.06224361053442573
-0.3439924399015427
0.8558414102957905
 -0.35706901590338
0.6873955655450332
0.2759411068315778
0.22001956048061344
-0.3069765727316972
0.5961388545035884
0.3765661611761628
-0.6467747655906528
-0.6257684931178409
0.25284911670720467
0.6510789410425366
-0.2980681408117496
-0.6396296391941649
0.5442370799563594
-0.6531230987484944
-0.1420545137535807
-0.33074422006593585
-0.6476326757254005
-0.839991540063255
0.2839449346088234
-0.48365810141822707
-0.03154775128515386
-0.9397827607739111
0.025482391148275774
0.22044238763220902
-0.4360410301314207
-0.026993930213110695
0.5007611174077944
-0.093135450431444
0.1144149281035085
-0.9573940548677685
-0.9404091865195588
-0.5102906748051604
0.8036936375104045
 0.682619818427886
0.4069251731964061
-0.23655790542358412
0.12786136816485816
0.5453817116253366
0.08758587374275262
-0.5827986257617113
-0.9490680200916866
-0.7823877865637335
0.8266950201788981
-0.8587436180207916
-0.9253201404697642
-0.1545883856503567
0.30810403120104213
0.3465798609519992
0.34578961502782923
-0.6732747940879691
 0.889854714914696
-0.5351985005153593
 0.219611594861169
-0.7814782780797138
-0.35915828835997976
0.3309455598002824
-0.1625125048000342
0.8982490388306466
0.30756037141129444
0.3764812705502427
-0.6270751762292627
 0.623921972618567
0.04437327542751213
0.04398693398744857
0.6072630454681485
-0.011306579943890394
0.5320255901565227
0.7895912983744708
-0.4490690937938705
-0.5828582971712079
-0.866090525220476
-0.45774996593524175
0.5768885319792889
-0.6650447922460507
-0.786216475315599
0.2359434608103277
 0.947745089227132
-0.4885233444007734
-0.9274889429932474
-0.10168752046692942
-0.3497367385345531
0.23868732721378727
-0.2980311671609981
-0.7169380444156206
0.0663400009641506
-0.7777075388283233
-0.15680589210118945
0.2127210392102601
-0.6138544140989172
-0.4239013684636427
0.5231029146234438
0.6418635628163942
-0.3776290614729171
0.9030628472292408
0.7429549803190847
0.9100812654259942
-0.011835984803391986
0.1294311231281342
0.4954400987224108
0.13742477598019098
0.2103382065543804
0.9048587619677988
-0.9757466680984134
0.7495416035663465
0.7528345344283445
0.21429289401562102
0.8827307773788169
 0.824152861347462
-0.1732223840646916
-0.7969068430616673
-0.07170774003285207
-0.7733724217882059
0.3883508886649041
0.3681054911378878
0.44018659519964953
-0.4531325422806548
-0.19276374480063407
-0.42790101746045994
-0.6531422465836698
-0.6684278233969478
0.6049051854939786
-0.3708135702148767
0.8995552638551207
0.14229502175282693
0.9908283169640408
-0.9614550588436342
-0.44254460792670036
0.22560034636977466
-0.4317718103898781
-0.9203790274736441
0.8742425745654523
0.00010167267260596802
0.10072690226960246
-0.5602303844863024
0.22112598896633662
 0.335363941747447
0.13892229071648154
-0.13522527961883513
-0.6769543783434051
0.7114541860512087
-0.6902164017453128
0.9511906574870617
-0.9625478043775938
-0.35109412836765286
-0.34458976114803574
-0.5372353168393007
-0.802865904257378
0.9786742396704138
0.8204167713819432
-0.6733464269006058
0.6542314650010863
-0.5271277156146695
0.8411296552605425
0.9038958739205429
-0.09918348388885845
0.08477305626304998
0.8321482173697283
-0.8437897958527121
-0.04028371488908722
0.23114751245730947
-0.3179251179968462
0.6028950037916405
-0.9822838375616693
0.47012587727391963
0.9113220952510313
-0.7810606562331593
0.4234987499293801
0.5976970670374331
0.3349535192197135
0.9537638821066556
-0.0064583500978202535
-0.4327077285704052
0.2768427602333263
 0.864865569971851
-0.961521252541867
0.1257929976600396
0.9646929072685759
0.4062998701864311
0.1873928463263761
0.9377765079420861
-0.9823555942053196
0.7037785540664934
0.6478506800725692
-0.8833862720360237
0.34406473237700674
-0.8055286872688776
0.4286085950728178
0.7169025478913935
-0.983790454624233
0.03842604933783922
-0.8928134064337969
0.11968712604916498
-0.468995475105361
0.08537578103727061
-0.19775673663320958
0.0999459403431231
-0.310213274296268
0.12014986509270109
-0.15937226611394628
 0.741552423078131
0.014239866825157765
0.11169676130296136
0.2448796528567987
-0.47937438152040235
-0.6768775117579007
0.16018255225063638
0.38587780915530345
0.15454794568451424
0.5775902491064893
 0.802780771818155
-0.4585804352267715
0.20210921046291763
-0.7383862572650868
0.3128527078289227
-0.8881834007981114
0.01681765080340636
0.21783536631647027
0.9693618204787646
0.6690700319937288
-0.8016646982151292
-0.34443071122886504
0.1129661167684759
-0.8668230809177575
-0.6384871404651289
0.9867184355590102
-0.6548707990177208
-0.30074916743883695
0.4389584594916145
-0.25748426712955774
0.8183092727133237
-0.9026429456030574
-0.7155417921332858
-0.05582824192756097
0.2770242101484721
-0.8882587740539502
0.34851933292488213
0.5492882353352038
0.5063682686298308
0.7787223572661652
0.1436568809348715
-0.06552835129687407
0.7333306997819142
0.25656762073359474
-0.5757864758436289
0.7052295198712928
-0.08183158790667944
0.06208434782460337
0.8557280244597678
0.4760881764883542
0.14955033299710108
0.16923694355272723
-0.541782596089817
-0.5366754318341977
-0.8501947906030172
-0.6944771227120545
-0.21006435336224427
-0.6883101803780138
0.9284191716340959
-0.9275208342283817
0.9097207178228433
0.5081206243957732
0.3804206285279945
-0.5891931567717799
0.30400497950493177
0.6566960574920371
0.27950756918610487
0.11801126348325708
-0.020869224366619532
0.4403509456324768
0.6803265179289137
0.5048867793350331
-0.7279745131001494
0.7962821232152408
0.9735626597205314
0.49668843949901054
-0.7431699644611359
0.3846452365200863
-0.31773546041792844
-0.35889764383151634
-0.8780421579766592
-0.22145040133822602
0.6010434888262526
0.7321467781275592
-0.056686063374081996
-0.5892628553367496
-0.6343762225535576
0.7751573924828383
-0.22859190682262087
-0.09835065555419198
-0.533927525527424
0.46156518820662185
-0.6359696187455598
-0.531068588748575
 0.863174498521168
-0.4283065100720288
-0.4976795822135087
-0.9567034745686049
0.9362412268118743
-0.2612377280758832
-0.21347965247398448
 0.413327860092225
0.14554207569683464
-0.9189237802736688
0.5729261891552342
0.1468418530832063
0.8275782063254331
0.08344762342386325
 0.730313619861457
0.9948925049786495
0.9416243101086161
-0.08488675519551103
-0.016171800632101108
-0.8748969345230326
0.8404871436966976
0.2988468289266557
-0.12070429277859984
-0.07889008380999263
-0.9682223231055977
-0.5718080419572276
0.9232380036136523
0.3472905955967871
-0.9079646122115035
-0.5745280081369563
-0.6026093230016086
-0.3590329728815569
-0.1660333469972597
-0.5675468429834329
-0.5911819355394983
-0.4819743710033261
-0.41963985420727323
 0.725325879470776
-0.05617523746796149
-0.7880450071187842
0.8977426839093543
-0.2442371005533326
-0.5040908250553009
0.16383025145232533
0.47899569433115907
0.46723623483854704
0.9761193656458647
0.05677609941093431
0.4115253376891703
0.015887930678598172
0.3470948562613103
-0.9391406707079983
-0.21924974067481484
0.8176069602918203
-0.06728444621357232
-0.4169782123022038
-0.895895609201541
-0.6914266755607028
0.30434772536552823
0.0982441257701352
0.9756238497323975
0.6986687325730514
 0.651528859912899
 0.359938408910796
-0.4595855114910229
0.9230462506383534
-0.9493454223674929
0.4214835038844782
0.3778417867700412
0.009776548851245126
-0.4978476670597568
0.2729977112615225
0.8220635255885871
0.5459028525007315
-0.27461201610756814
-0.2464811219061782
-0.14452120972697502
0.2603304455022859
 0.335103433173481
-0.6534495520200203
0.14477324885700682
-0.09586210410605767
-0.026952852381435854
-0.5740735593173854
-0.5729436810584994
-0.010347281978198009
-0.101051281631508
0.2955322856604312
-0.8841538178601843
0.6617481407559245
-0.6370970468810861
 0.956238014982506
0.22788138392146462
0.38818609518702707
0.7666390155042839
-0.8978882505350179
-0.568691360652489
-0.6505730306782991
-0.5826984378883564
-0.5805596474705373
0.47319051552394664
-0.7899243886583445
0.10919277175204489
0.06271673333842798
 0.870059914272316
0.32999176467993685
0.8498303699898082
0.11959322866462685
-0.7429786496279441
0.6374196623708772
0.8069981159003439
0.5961119571589149
-0.3368400886975632
0.7758310624100986
0.8005219507187273
-0.08166673402081959
0.8818361146223086
-0.6062892762030136
-0.3244781537578987
-0.26537941589138336
-0.22085689140072728
-0.7579116694508746
-0.13411046083211897
-0.800348587002042
0.5276602744810961
-0.8282475622531966
0.37567789728529744
-0.7410597536987185
0.30402418422276845
0.49372131639932193
-0.18467604404543714
0.5531915055997969
0.5404579682032145
-0.667824437067357
0.7957181311549013
-0.7276170916431638
-0.46580905462505584
-0.4697579285981428
0.7287790263114777
-0.43641843900292887
-0.13552069897207286
-0.4856004082533004
 0.664867333068369
-0.6366286478306431
-0.8390808777550587
0.4367250366550759
-0.6282511477324142
-0.5328517027373401
-0.9412947623225001
0.21853279115454538
0.4764392081139006
0.8514297195415907
-0.09763634248332165
-0.26369587540727646
-0.06436517085075966
-0.3389330327577189
 0.395387522426327
-0.9210851490522024
-0.3403502268495028
 -0.08298344202995
0.9034643369024795
0.5515290982965526
0.2703051292740022
 0.832206690947962
0.15066557032119587
-0.6860789059876291
-0.0857344592164555
0.3088783219225528
-0.46679317717290525
0.18258190453963752
-0.3931358930766423
0.16514307317445542
0.1682583395457633
0.03352513380765387
 0.758221663534488
0.2952656854046172
0.38059867507233625
0.2901877092697511
-0.36160923625091157
0.6626756754367913
-0.5254640963604108
0.44606828885743166
-0.8923758453421584
-0.9825886007964038
-0.44016596428553023
 0.772460710393106
-0.5824666491465962
-0.8729003843108685
-0.0323298489962176
0.4357490262900763
-0.39213380586601343
-0.11985486591855377
0.6163239351109648
0.06020688400471541
-0.6643604082569604
-0.6207639912929686
-0.6747084447864733
0.6441336144489398
0.8747717735927345
0.36172119577509343
-0.49769085743141084
-0.42720136070457104
-0.1525108535183245
0.21964771105671455
-0.9186462794938721
0.10333594437612392
0.3620866819973121
0.3492700274645919
 0.997743840654459
-0.360849660080532
-0.7517617785517706
-0.3590737041963833
0.0983217707486237
0.5841284863341005
0.9772404507969532
-0.24679019219536458
-0.25883929149665363
-0.7369244100972783
0.0715441376921333
-0.31009884196419624
-0.8033438614704758
0.3880889254417579
0.7976650904198244
-0.5577110277195102
-0.46742501337470677
0.11508274197534707
0.2910271492044316
-0.9774924631999921
-0.041429138950334954
-0.259989122196274
-0.9923188946609977
0.0205071203737468
0.5096729881578546
-0.5864713580234986
0.9166609396734573
-0.38155423376678255
-0.7452501584246811
-0.7850837672579514
0.04368067602448744
0.06500839225262389
0.27693220162859467
-0.08430498644591577
0.9098259576699299
-0.5594738000753643
0.5189339052384998
-0.8131254717149459
0.20394583802493815
-0.5049374779353192
-0.829589856712844
0.8512436471479334
-0.5962724361365582
0.5091779441067805
-0.35891528907628467
0.5677242977349346
-0.8043381534559271
-0.3675566558671455
0.6142778679699494
-0.19585259058305027
0.7930551698018895
 0.635888041718071
 -0.77354941796331
0.2806766634391178
-0.11411517813522776
0.46648630475528163
-0.37562903478745624
0.25979084250250617
-0.6293435970585277
0.7971632536983664
-0.589478311594638
0.7058925107954719
0.022109929587725174
0.7795771552223014
-0.5681746542337012
-0.8703347890012103
-0.41611073813385024
0.37997970874427
0.8989502626338253
0.20627034526633903
0.5174354002522219
0.4306780174759026
-0.6290709953625777
-0.4653450722930522
-0.803705376742992
-0.06744142382967955
-0.2733617461760437
0.1319095834692674
-0.23876635315034234
0.5432083882340308
0.9823318604603632
-0.04038993879467134
0.07585457343294943
0.5967559635687869
0.9500126978752605
0.8148957732519428
-0.5543221457693326
0.2568792042796577
0.7311976633365582
-0.7148841919874338
-0.7156128714737141
-0.6878536879546762
-0.41992650505754736
0.8770041551254433
0.38016282054489436
-0.3654224789653179
-0.7957761000369504
-0.9323791677314721
-0.16818547978992615
0.4528559633220801
-0.6328424478803598
 0.199006606410147
-0.2124305099947983
0.5998323226304958
-0.9322035968229936
-0.4593263319940256
-0.5568415350082994
0.7718502817762769
-0.6161501880670615
-0.8279808784005381
0.06337508934213543
0.3526855268220277
0.4100013338202815
0.7857568445713294
-0.7312629526141972
-0.0018262026961533007
-0.23720881151974793
0.14112062013102022
0.36184404024817973
0.2795924550379332
0.4409672739442154
-0.22663982926747683
-0.3390593512861033
0.4643561853022733
-0.6178109396210414
-0.5080342516858297
-0.33287901871210257
0.7117460991389879
-0.6145791999409284
0.7608568761411862
-0.5129947794930673
0.023660647419396552
-0.07775537870772731
-0.7152936636614028
-0.8758085230452464
-0.4552417219275252
0.33258852474196354
-0.6882271492165732
0.3495964900111359
-0.591992197679682
-0.8395559487097721
 0.618920884849441
-0.6118081863328558
-0.11951485520118243
0.4341363217227323
0.5619746230952956
-0.044930124197744226
0.1906593610548306
-0.7473785391384873
-0.43168729907929093
0.0643325775520378
0.7443603327181352
-0.39636368313852666
 0.462426043091815
0.007537755783753708
-0.31037184096905523
0.8460927298972021
0.6926828834061052
-0.39220230995180383
0.9851607374245701
-0.2570465388949976
0.7622541991477934
0.1869144645216667
-0.6844493990577099
0.7270007239407572
-0.15032821392581075
-0.41699956488760714
-0.26688525562938803
-0.8929099912340598
-0.08595315174023566
-0.06274518985191468
-0.16147620995408218
-0.34838118117885053
-0.9533873512534733
-0.8116494314229932
-0.7758601812708639
0.7300214319384388
0.20540994536719515
0.3527195943893875
-0.8645228415273234
0.1321167906635814
0.11777957543263629
-0.6585441869758818
0.18699850184132805
-0.19286835888463072
0.6774555881323434
-0.10764840798542774
-0.8954231336183318
-0.09837975416304012
0.8107222300654755
0.23809243871095376
 0.597970358456974
0.10213435420009209
-0.4832547765669716
0.8798669023004049
0.3914225874909203
0.07629442022324073
0.18232153101960868
-0.04545349854027392
0.6987809783841421
-0.984662111324079
-0.5557277891990617
0.5184060865984652
-0.14178985056038806
-0.9409783402805181
-0.9980959229918819
0.7247377983010801
0.5697260950361678
-0.6123753159290564
0.9104607258112878
0.18955957108342059
0.5860417462832068
-0.6501209253585232
0.8828580990249619
-0.9546895929101462
0.6795323650522334
-0.22027802049126133
0.1289912357284726
-0.8753449867423724
-0.6962596797128717
-0.8987464375580695
0.9422549801456723
-0.11384889385283647
0.23174875569003728
0.2638743113863802
-0.7649634864944683
0.15643428379053148
0.8994915590591255
0.7317619548030827
-0.7070394079259772
-0.6952505890235883
-0.04718951806008975
0.8663337139958525
0.7588071691968694
0.7508100941497593
-0.3135149205502864
0.039385647739907714
-0.8316399877816307
-0.8657479639227437
-0.8020087209518143
-0.4836083256290463
-0.28403738318021665
-0.5708900000137674
0.5031654841302533
0.9857212970933862
-0.814009910309202
0.7558518871121187
-0.9411851878550969
-0.9451364051739977
0.2087399073468168
-0.5721290507549297
-0.119701965985897
-0.6757662885682465
-0.05365560932580393
0.2561657976720195
-0.06548023276661918
-0.46562340091746746
-0.9108037805037047
-0.09866346073474197
-0.7604645343364174
0.2800525248181731
0.4100646114765767
0.4762818318186681
-0.9690180222599776
-0.6785625191139939
0.7334566550258985
0.25487352129858265
-0.549615849726684
0.23736387349504517
0.5514795977800475
0.014658039627155173
0.5810260257641526
-0.22723122260602802
0.5954409076918921
0.9741038591391815
-0.797997896445115
0.6344679457057965
0.6656140421782186
-0.13902875343257304
0.8421060207688043
-0.20831144473723162
0.8669537061633861
-0.7722315028287023
-0.5221559921214357
0.87729400436218
-0.8655673535283896
0.4057333312364384
0.5014436444863177
-0.9098603476469411
-0.3508112854107305
-0.5408525256476462
 0.485498461935554
0.45111613187282584
-0.32452659105894155
-0.243779576820507
0.04610715467684168
0.12769371393994988
-0.37063988579298035
-0.05546683312885947
0.002036720710728135
0.42068902960000787
 0.354695781918442
-0.09529704155421936
-0.8361694588828116
0.9056361261386776
0.018484624706725628
 0.929934880379242
0.021522718972891264
0.6854058527814346
-0.9604404762819025
-0.49000298347284654
-0.6358716097244255
0.8809403312199842
0.3249580889716701
0.4288338962544225
-0.7934916643184031
-0.949402491119991
0.8431939213866331
0.8293380404698476
0.5085145543729956
-0.2557400566652568
-0.3689044812266441
 -0.97801722426658
0.7624169902806541
0.30495807371180006
-0.5752141161784392
0.9362459522102526
0.9988509386332483
0.5996632238375241
-0.014116175252585239
0.24650927806151635
-0.28421439607624854
-0.5035859137404705
0.8494801478969767
-0.5515917563340857
-0.15958079769895106
0.8769342096192441
-0.2837164463669869
0.07383696907122883
0.8609134720146219
0.49172093469031997
0.24746959555870762
-0.2444414193984571
0.023803668882052653
0.20940037474206785
0.5145858855722938
0.4691265764100738
 0.929625323038922
-0.8108738030960849
0.15085177798032756
-0.16286089665943992
0.6794020589429783
-0.3947072639413659
0.8380598849201311
-0.564301762306317
-0.7745950935699494
-0.23400709287848587
-0.5917698982145565
-0.7217796585822548
-0.40451693637234976
0.5624020815676032
-0.47886669002568594
-0.40319437236544764
-0.7871936998396183
-0.615374522183058
-0.5102057872347041
0.3851247795212165
-0.23941655092711112
0.045384364262902155
0.5082288794679812
 0.724316889760565
-0.8886779106038213
-0.4291327731946628
0.34628832775302065
-0.3606424479573763
-0.5321039920658845
0.10471910196552892
-0.6601781099231431
-0.6630442087787849
-0.5832788752877679
0.2685387212752872
-0.35932015252819727
0.5566643581195481
0.7456396289242071
0.9937878829905114
0.5319591758436222
-0.4356935567668966
0.8697805362120554
-0.26967942456859406
0.7061051251061701
0.5518577647942706
0.7274678176946221
0.05474984752077172
-0.7876246328784053
0.6750095151783313
0.12701312318647284
-0.07407862649110486
-0.2537805583666011
-0.039102840434404706
-0.46970452019093456
-0.716560410933041
-0.11225878215443708
0.8041534015725813
-0.5767535526811931
0.7624229193435133
0.7087649688182882
0.6980341964308221
0.2697335526515885
-0.37416550220119404
-0.09448528610280227
0.45861470386663283
0.17717469633656902
0.4914554257441812
0.8907576711516849
0.6138133898280904
-0.6701838762242397
0.7955983896033065
-0.5820354789093687
0.6870776885722629
-0.2044429805010466
-0.5104938100185137
0.13191716808291276
0.48942261711071633
0.09611025444644006
-0.8274477092390923
-0.4731256795248745
-0.190283361311398
0.09957314357225022
0.11510015089398862
-0.7565165931044067
-0.6663500894754516
0.4417643430509366
-0.5823861055588626
0.1517715255655041
-0.7197201718555326
0.7672746103143935
-0.959123519586934
-0.3291745135272044
0.061626778955405026
-0.5192568809782528
0.4888776438172793
-0.3970008162893607
-0.9221229002879103
-0.5837494955207556
-0.694239975115535
-0.37226181553298576
0.10338874815746113
0.5998759062661772
0.2400277494077343
0.07711628819974892
0.2662692746591966
-0.8665301462854273
 0.953084118764497
-0.935167655549991
0.7008013631304324
-0.5544397961774228
 0.495571826280625
-0.8885206335191025
-0.2243002860975214
-0.13202455825303028
0.8032455989547194
-0.44685089425014113
0.17066063897627126
 0.778506927219931
0.5210166090953274
0.15278893183259923
0.9382287273175067
0.2577086890704461
-0.5988008636578346
 0.578446753163484
-0.5446807577188689
-0.22338997295168683
0.24468383088487355
-0.25927412743164724
0.19779108889476005
-0.6261151231285098
-0.881459405058102
0.39412509289296294
-0.6515454750119022
-0.1304889528419133
-0.5261360090698898
0.3606718316895079
-0.6636128335060977
0.6166158900249212
-0.4243055356949911
0.2488277930099687
0.17839038468539314
-0.8388434107703305
0.34128050580815783
0.14262493262765252
0.08522925071097864
0.35253639717909224
0.6919264154741553
0.8678925779462145
-0.9556332703893456
0.3174597454946746
0.5811757250117382
0.6811758734980238
-0.34552313396500556
-0.3703752006855219
-0.8904328295992191
-0.1590452734448724
0.3556773254124508
-0.8251906747512725
-0.7171977533801528
0.7161640839856609
-0.12159960213850385
-0.9921685554781847
-0.6760952581794091
-0.15361623635974841
0.7644719693772841
-0.20258805262030688
0.9738223414582843
-0.6830863749103191
0.6342958827989638
-0.6890538853914587
0.8968762079272397
-0.3387568566645126
-0.07938932620058536
-0.4650050042886086
-0.6990968573059715
-0.07924686600611663
0.4083913203447749
0.9555312237261664
0.05205047176090627
0.6999116087170507
0.20528463697547772
-0.43981001810521203
-0.5717589163672971
0.3497005550370953
0.6423877250960923
-0.5582054925315274
-0.4282889714037743
0.0757706559730742
 0.682447519833413
-0.9895272228063877
-0.4387759508581204
-0.9497834928025163
-0.7029617839770304
-0.8806471776734901
-0.0352162579799844
-0.09776879343658573
0.9148509499494046
0.1755771618720965
0.017751062419228525
0.1445176296615578
-0.937410795045448
-0.9671909031833186
0.4205348947094305
0.11090715381969685
0.5170437617198094
0.7633349040841053
-0.4215898546384722
0.7273233844120086
-0.47197932659433295
0.6231560195976249
-0.4432411411736381
-0.4630562224873228
0.051449204441660346
0.3091976681389179
0.05297274278287034
0.36044478162706106
-0.5186045944627686
0.6098130446735497
0.7994195559479251
-0.6346183273436298
0.9843517308636114
0.28942724600658765
-0.771310940783521
0.7345578208633077
 0.794503187381475
-0.8872084935830963
-0.9644381454816181
0.17891069313449592
-0.35003853267694096
-0.7146983664818831
0.45401825038693944
-0.45597311011223407
-0.3188396998564833
-0.5955292159811687
-0.5324089921696771
 0.793030007439276
-0.9430290770783064
0.06983105224162323
-0.8634108993313194
-0.701526317926612
0.45205770466080164
-0.6034959527417951
0.6422573619716732
-0.3415362969860044
-0.2766609445319207
0.44566197558081244
-0.43127856162228895
0.07989953507778269
0.010331527480387237
-0.6527256690530534
0.4065506047295939
0.17972984730453456
0.7865070795966542
-0.5614449052211582
-0.4283504220713229
-0.5528476296808005
-0.7944684641958708
0.3278629985676442
0.8191215482998755
0.8585007682568415
0.19875017536156836
-0.5538479156796268
0.47956954222051706
-0.8748275689325266
0.3572098494366298
-0.8278412601801475
0.4450419583487224
0.4689613854872732
-0.9993205966366571
0.49671928910488927
0.2868792587847744
-0.7190554875657991
-0.7955129563919026
0.6657827149395981
0.3177142484806801
0.9867912873237394
0.5931407502608173
0.3697140899658533
-0.2055151990816747
0.8963198852630658
0.8605674217201391
0.3942690987433479
-0.03458421576622339
-0.22632598753948352
0.4287372221591903
0.7878933295755999
0.009011705604151654
0.4790630212410605
0.13957907620753152
-0.14844453079012887
-0.5722774670975697
0.42830615384142945
0.5548026050179196
-0.33794301885018896
0.6762784626269731
-0.04478967806716794
0.9487550793926172
0.24325079499906455
-0.701803382318767
0.7748130648302753
0.8413508498177014
-0.19023230467022034
-0.6808603449179511
0.5084466658289708
0.8489998341836376
-0.021959497855069454
0.9844454224471666
0.46420056781936014
0.27312319160465726
0.1709422260894975
-0.4502129616588433
0.7868430527924006
0.16784721756169318
-0.2092429747302066
 0.150457199651173
0.6162053972961783
0.1725914298614517
-0.8237712699931857
-0.01274133980287162
 0.425406250462244
-0.9904613791800388
-0.9144687964163067
-0.16709436601805527
0.9480313030966203
-0.47420340314429965
0.3927225053318941
-0.34003930919214487
-0.13267114906689115
-0.732279073410167
0.7031036642064068
0.6295167925851461
0.27985831959573515
0.13944298629419083
-0.9310367989317557
0.8043884803585362
-0.17787087894418618
0.8380732900675183
-0.8147470423094108
-0.6909157201941638
-0.7473109274061611
0.43396605938571575
0.5961452502884537
0.2894261849810891
-0.12854703696374403
-0.985279515340582
0.6370903864475235
-0.38954720724910363
-0.06481595578784638
-0.6112036276374295
0.22062028044727477
0.38122606245900625
-0.5430605807128064
-0.16097936747955066
0.3897901336310545
-0.023422701302306614
-0.5047370285611171
-0.12193907206972443
-0.46212618951240203
0.5093851753194645
0.24942841465121113
-0.3953725111124158
-0.35256261973589254
-0.03371878327545941
-0.17155402958173227
-0.7293421908967086
0.12942318213241144
0.02141678702772154
0.9320361088089799
-0.6251505345130839
-0.5382730883549718
-0.41173037392129375
0.3691351142266006
0.9804237112890419
-0.4866099180222576
0.3856327508375066
0.5087647967935371
-0.9247099144964043
-0.9709395368605512
0.2745904738455929
0.3149281590126767
0.34442479948794213
0.14176863707464804
0.2189203745551005
-0.8434875250054782
0.5758355517831708
0.15788877428143722
0.35994119006114
-0.5296334197573831
-0.7351047951111533
 0.556081439035343
0.5393638033611172
-0.9919781703977398
-0.8235504207480042
-0.1395266513902207
0.5424150254090432
-0.47460938670308095
-0.8767949687640413
0.7879077670230945
0.08838287783173993
-0.4057196791039904
0.14873367488867073
0.3582351401849879
0.9928057617209312
-0.493267591390958
-0.7253897623082196
0.7825908467108302
-0.5685143297466178
0.4289338667323659
-0.4486688072556615
-0.41099137264458496
-0.8150714090543698
0.6400270418570466
-0.00681187427189589
0.7820267015468665
0.6235826323214844
-0.6511817384080885
0.8322530916585973
-0.06867801939181939
0.04521928058519764
-0.7002758944776485
0.8530533153707847
-0.21267980928434327
0.07971394464246795
-0.23190981046659498
0.9967264744403137
-0.6185224100242485
0.4792965853886675
-0.30743239448682624
0.5740694709257395
0.4627673341783911
0.08885617350849184
0.22005705676793252
-0.4453121259684214
0.5300192166826456
-0.945555906731658
-0.48774468960240225
0.07052358236938772
0.4944934013157227
-0.9971781072531118
 0.326541935847672
-0.5476092164376425
-0.23358732653745495
0.42872569004117755
-0.7616679790486423
0.8482416451768153
0.7277423149147839
-0.7875494161562652
0.19325473470860088
0.025330000375551442
-0.6899884338182654
0.7662534537916417
-0.7098570895281399
0.2978819671740247
-0.6925810088244301
0.07693520532781628
-0.6918920140668923
-0.2588768574719843
-0.28131785468066695
0.6241160384880813
0.5262575300559518
-0.2254483656427836
 0.697785408509334
-0.5452550120054493
-0.9203698642596552
-0.09157334336290435
-0.6439401242575484
-0.8787431006653721
-0.3104784596789044
-0.5280426984004178
-0.6975243659796517
0.08603788768338427
-0.7926893664973509
-0.2694406240552353
-0.5875317204039712
0.9156671958416434
0.4658453017992843
-0.2095604811280697
-0.703234258771452
-0.1076738601874222
-0.29693484138084447
-0.9689362953008631
-0.37072576415240244
 0.565410999743297
0.4429099649735255
0.7686925332027144
-0.6846764841719595
0.5442341816444498
-0.7905929734265982
0.25993634068618654
-0.7868426396596859
0.9027736367475725
-0.8958310330756633
0.3181921545962805
0.8506854448594638
0.04823441520345706
0.9794991533662385
-0.5789570996869788
-0.16611116487861743
-0.718848481364727
-0.8301861094043618
0.3769019721826816
0.16635314169401272
0.0012642503379003411
0.8831282503731721
-0.9528076259819808
-0.3331184027630971
-0.4095391262903708
-0.7765571050575585
0.8518448195841792
-0.888165482252304
 -0.72142904041156
-0.43553995008624913
0.1787717160874911
0.7762914160925551
0.34284843793240105
-0.10157684035630732
0.5929834702473764
0.25771565455061185
0.5348581950771079
0.4700579776429692
0.3194350007413653
-0.7096159477014397
0.7573389424235235
-0.11716756345173784
 0.210711825044557
-0.8920554395173397
-0.8279882501952596
0.8265230992272599
-0.10246347940748446
0.44289540929917437
-0.12065740365230804
-0.16622041207296934
0.43952679402099415
0.9715189527555403
-0.9584070079877346
0.4536734013596986
-0.6728254653776415
-0.008322204857573845
0.8377727819980711
-0.6939867950838505
0.31106740625607743
-0.2076320413738887
0.36367299526827535
0.5146477559560723
-0.24121147968723478
-0.9182189520297226
0.8002153614112084
-0.2765524202828815
0.48823493181005717
0.6832804026138761
-0.9810971954448772
 0.253632275270679
0.38181834719862007
0.31168355359296496
-0.9302574923155935
0.7216362074132696
 0.819781167137358
-0.4435690639008598
-0.5827465562173806
0.9535448724752922
-0.5189002580482114
-0.4397318941924607
-0.7937487488716869
 0.332425491348211
0.5921366949586178
0.46043873115659717
0.6805416058565366
0.6062133430062151
0.9767330409057233
0.6341609321740516
 0.282810318717162
-0.1918063657916136
-0.8610585448941501
0.7222911810376857
-0.8652742156985501
0.7479735513364714
0.7149550015105675
0.8995973430636466
-0.17876557646843638
0.8137834629170144
-0.027284877807644214
-0.9826168650605995
0.8020377448628535
-0.4282301859254233
0.5492600430730548
-0.5271947087265068
0.21554290909135432
0.08670315186142585
0.6150563359294263
-0.2277453463010244
0.16211255475422903
-0.7662320617413552
-0.8588081456140046
-0.4940472929205092
0.9350113514806699
 0.281313877647859
-0.21154949460233063
-0.5972691935250556
-0.8909939410350928
0.7337976598790839
-0.2717576770522693
 0.759441861280153
-0.0494267402348858
-0.6149246268133111
-0.6963380115222122
-0.6511566389637415
0.5835490866405382
0.27351505676861
-0.2482455559052641
-0.9728005130285666
0.3361047356709168
0.14622338314639638
0.9320911315368172
-0.9607412045556502
0.4342051352085847
 0.725124422674772
0.09685786946630648
-0.21928660821906787
-0.9546795117670331
-0.11132686583135842
 0.530667107839804
0.9511984539301737
0.7417535904215886
0.9780316900935586
-0.3302542805524247
0.22364611033739146
0.8795843463963504
-0.6382979217810901
0.25584642051177164
0.9234452921931777
-0.9538973100444207
0.23370206508002922
0.36075050404738995
0.1754947156929214
 0.993725708017128
0.6056387687671643
0.2963419783523833
0.3753769110688203
0.4692450722092685
0.35837257824893665
-0.6512427664787879
0.6433881867622033
0.10240675911683095
-0.8550660158017456
0.11477474315080749
0.9742115942795531
-0.9546507421786354
0.9499391940706101
0.37854533300559234
-0.19438933906499833
0.7351655882456187
-0.1735517613601366
 0.042395976707299
-0.6008253529912861
0.3541440041962427
-0.10607011026656832
0.28352559818099454
-0.49824307470793416
0.9041082159148361
-0.6791616503732647
0.0006620600516822339
-0.45166520604419425
-0.5561773431190942
0.34351720493369853
-0.5687317230789328
 0.938872498595509
-0.4307616825719326
0.24044922183986528
0.7951241659485075
-0.2509604709652353
-0.30657751907970765
-0.45300241830162724
0.7714550172325785
-0.35981089936714805
0.24899281133667284
0.6066191515490214
-0.1634514676151977
-0.9297913727049131
-0.7994446321985387
-0.8814366411743548
-0.7755091137686806
0.04083738272582482
0.7209257954383279
0.6743512080563467
-0.2638627036965132
0.16574041648901172
-0.6910989779780079
-0.5667007289899137
0.44839140516416176
-0.052646757447414094
0.17480538750377406
0.37886919110974593
 0.741488448573288
-0.729332790188078
0.9390917162811607
0.35999377278693534
-0.4646352001522014
-0.9623970451466203
0.05230307644854704
-0.4590766356559275
0.17331072453492102
0.06294711474301895
-0.9342334821109697
0.1667332732205815
0.6363075612471769
-0.13955210108395633
-0.8422425988503401
 0.157832841425803
-0.887868783336225
-0.689448668222878
-0.42839031048452825
0.26909116740608496
0.46001178956224464
-0.5945250976731455
-0.168754982087446
0.12952705317160995
-0.31610777522606504
0.34381347145744057
0.8392216813956814
-0.011849702253786565
-0.9387698235444295
-0.17142440066972897
-0.13683932806840648
-0.06308590723208696
-0.9313501623082089
-0.18110142373064775
0.46020792300816926
0.015163932645323008
0.5658166750035538
 0.142322278870181
-0.7028711015171829
-0.9205647192307878
-0.6971324428957351
 -0.98076453475791
-0.5614887189223132
0.6525360768893107
-0.546484987388165
0.0269672515789936
0.7501849686354145
-0.5302885756772743
0.5590325874791824
-0.05417870747030773
0.6631474657098559
0.4224250541772867
0.8239265235275703
0.30625384024977365
0.6612960726059975
0.0940575805270365
0.6270018910289537
-0.8682799753199119
0.43939067385620056
0.9775553905235563
-0.9443984442017522
0.7229901201732922
-0.5028331862061879
0.6097777293539515
-0.2396302895318
0.34986825821445255
0.9964993893260641
-0.8012889523205559
-0.16096817411212005
0.36950351108696733
0.05411208689544167
0.2584509621600233
-0.7210217078269356
0.6009944012161277
0.5668495288451247
0.9266348130649533
0.9873305978880538
-0.2550523578663878
0.6802725987616343
-0.954376511987443
-0.03277416202466865
0.3507243136409659
0.4832667667836936
-0.364439866863136
-0.8059256350182868
0.9440685819452588
0.32812474057239016
0.5110715475090437
-0.24156210934616695
-0.8472520377217923
0.03258765174157929
0.6869622799332149
-0.48000872636008285
-0.7691778121516026
0.47620302480960586
-0.45186692509212123
0.45861314153848065
-0.9787754461199208
-0.39258379041229285
0.17724592017320018
0.9118524851114418
 0.891146029337591
0.36615470827163477
0.4397864622569365
-0.10669478625812556
0.7719358741864366
-0.841838932319856
-0.5309500341722899
0.9458759215537698
 0.862320262612531
-0.6548733841374113
-0.2058064537029035
-0.9906432502008728
-0.5427221435597771
0.11603658241709813
-0.8958178030331825
0.48648249817638
 0.747709429331789
-0.8974150510378769
0.3548165437178805
-0.9306518909997453
0.8894775516176052
-0.48030865696187997
0.8916936686739425
0.13780377555369694
0.3155473791391272
-0.3812751745170454
-0.14833543414713124
-0.9673547521439635
-0.4587923254070724
0.04372518424093719
-0.4997017899076457
-0.1365546800557712
0.18123790314654498
0.6770652262493351
-0.9459057614519821
0.011063453419857483
-0.9515297736461629
-0.7090112430375523
-0.7882433688359056
-0.9336636211078041
-0.4833384035298295
0.7391787989420351
-0.14378728154862785
0.6177271248663279
0.0461549453455572
-0.9955343789556369
-0.6382980939999466
-0.9893158729749537
-0.5556759512639537
0.42719093961332777
0.3397812416388557
0.8780246864500096
-0.7244694442254695
-0.9792351368889263
0.5867834889622516
-0.8555224014053237
0.3572123634822406
-0.4419389539223578
0.5445734789996428
0.25944543849782686
0.5414365605700668
0.09728267001718316
-0.18763072765675926
-0.08095585497847657
-0.044189352197351206
0.6525351385780278
0.0020499886880085416
0.5252582466402675
-0.8132940861418965
0.21940702401817513
0.3676440905583582
0.5616309368262893
0.9603134026858708
-0.6355465246636677
0.1337615268422383
0.7274659619682322
-0.7319799523818136
-0.47209676245758203
0.4662159084015369
0.9059563996989364
-0.8267157187035468
0.22840324676742618
-0.04874733687154287
0.8817946622915782
0.5905412472625624
-0.3702121265295405
0.7880361302486356
-0.06070222829179195
-0.930531307424584
-0.9860092257048272
-0.07075451406826594
-0.4840625268877503
-0.2734240675448575
0.9355786807074156
0.29477255692872384
0.11939352141811987
-0.9377263462999169
0.5543874042414487
0.47405771039215727
-0.32343353625575866
-0.4603211865560445
0.43026147517123414
-0.11866733337087987
-0.17041284069657026
0.09746825235000567
-0.3480477358211792
0.43438695141427
0.023759059368720914
-0.06787511686125525
-0.12134438587399021
0.9948577693481964
-0.523047139920906
0.6589471217286227
-0.049692219476803356
0.8350765578348296
-0.5845935359030561
0.6154816334344322
-0.11617642310220899
0.31824490639290604
-0.6635869196061328
-0.6667973440316213
0.10758875458156347
-0.6244700492785118
0.3158762102877519
0.6645617814919644
0.7610546470719539
0.21319647538305775
-0.2593037806595965
-0.47099746734323444
-0.5781839417688202
-0.09224298189292968
0.0026769686466776577
-0.9703453630955726
0.8245808974709579
0.36368262501620396
-0.020538906682875058
-0.8835687678370607
-0.5502117716113137
-0.5700951872294635
0.7135608549586294
0.6606227508595375
0.4156636448889146
-0.288456416529261
0.046620869140105325
-0.9392149304937868
0.21873081819124418
0.7086813037222581
0.30941242290810966
0.5995126463070437
0.5711686500905786
-0.46850422901218947
-0.2677494606110379
-0.9194607029615853
-0.10712182677330906
-0.3170411292776114
0.20276440183747502
-0.8740252826341086
-0.05833840966865722
-0.7847241475391206
0.7556537452731686
-0.16505632101778434
0.9760214269379786
-0.8902778321991017
-0.10502851149637871
-0.882636641237507
0.6226798357762053
0.14792165454244133
 0.823089404641141
-0.5750312961381447
0.44261621399146867
-0.9471336845659505
0.9167430015973439
0.2508736238927525
0.5200956244631332
-0.45628079483125494
-0.9925688469489572
0.5016460165723391
-0.13395107472835255
0.32296088555183844
 0.670346546476484
-0.8052724884373575
-0.005016776448001137
-0.5593840166240536
0.62846018486561
-0.7754228126741168
-0.7704169868573558
-0.8618188875612982
0.6712229234035454
0.4977639675012817
0.8193161285706592
-0.3531002249809325
0.2981516305455336
-0.2653977365921626
0.7204030613395311
-0.8243301825995039
-0.7287043097537421
0.9028125993290355
0.5003259464519623
 0.415057233178852
-0.8539609279723492
0.4211713665167105
0.29894217957288793
0.12805587682044028
-0.5070044681967439
0.6080136410529084
-0.17307959412838758
 0.636657502260165
0.8756372812551023
 0.108231700412597
0.6677128921671001
-0.5796660702812242
 0.867343047792307
0.39125043493600486
-0.38648421386190046
0.5872449559663575
0.010771217074298622
-0.553679225667234
0.5336996601880357
-0.9752047936728052
-0.7476977289664442
0.9905182577325646
-0.6252448407379416
-0.7855213415458054
-0.9885663184672984
-0.9911448855267995
-0.053719117893179735
-0.34551580166589824
-0.1239157179260969
 0.250584523350438
-0.5194617137280003
0.2716437655147981
-0.09112262886826306
0.1008208363834453
-0.9772857743043563
-0.6497798708354032
-0.6029020799303918
0.8400836551106681
-0.8820415522521424
 0.993225863766378
-0.4198113623448043
-0.6816715887234527
-0.9379288833998588
-0.37181844217881876
-0.2787817036615856
0.3678344656815562
-0.1789485420159399
-0.8784625971232967
0.45665402974759894
-0.9582253088436044
0.25720295253121006
-0.24920381886897802
0.5401168893282797
-0.029952269277780497
-0.3227337505113621
0.9356575503460511
0.40197280659940904
0.6228000550228907
-0.8175993971033835
0.1763663857492057
0.23881386242382763
-0.029111525502432123
0.34600269698680863
-0.9420823478828692
0.9969738461149495
-0.7137552725684411
-0.4790349016797425
-0.22591500801636932
-0.1444479339165513
-0.46445165313370307
-0.6706674601868132
0.34853935211572296
0.8959280654925332
0.5359685235995229
0.4174035593935428
-0.8592936573711489
0.1375718707662703
0.3480502017364251
0.8515660099267812
0.0665877243172397
-0.17489015842983824
-0.9328671791116023
-0.4481581970663733
-0.1829160825378292
0.09666918031744465
0.09539463748251142
-0.335411510057128
 0.846595958361863
-0.48334952343715365
0.40214969401802336
0.21355473113107326
-0.10697553216594657
0.6515822849464286
-0.03832575118716752
-0.40745728976323925
-0.4492449522627431
-0.47903209547845993
-0.29678522470300595
-0.24154265588734736
-0.6125826413143309
0.16698808168090928
0.5768794295004862
-0.24938529883367055
-0.6963384750728763
-0.2865444295673317
-0.2337810433081987
0.28540687007088184
-0.004742619154384453
0.9047796834074817
-0.9407021313766856
-0.9720306202799245
-0.2879683427245311
0.045645466285477054
-0.6525121024725311
-0.31352451293419137
0.11608077112471671
-0.9774341398546151
-0.3810086247957719
-0.0707168042812707
-0.9483420049376177
0.02858350323695613
-0.39885499926532453
-0.33223305632151223
0.2790357591975068
0.45161575938655174
-0.8434043539615503
-0.16000939431171857
0.19953657919856482
0.36307490505480655
0.4873260365270775
-0.7443644768740667
-0.8489554836749814
-0.19771086644974534
-0.20569636642506528
0.011494538213036032
-0.5832823292414515
0.10275332464180109
-0.3236169125549532
 0.838643084350911
-0.13675303637741532
0.10999454917066886
 0.697269996445008
-0.9867709869146366
-0.8830564553893093
-0.1894605001424673
-0.5590264668260189
-0.2059070093870986
0.8039802693573266
0.10528047959777864
0.7690589539804977
 0.721693448977885
-0.14492222783522357
-0.5421062964560369
0.7437291816970075
-0.5207025137873973
-0.4605293469764963
0.7436206217545684
0.24546765755985356
0.10518900321863445
0.3885763937832247
 0.869817178218913
-0.26048686688058365
-0.20708372770746553
0.50222570610523
-0.3874741114543897
-0.4651597223326275
0.9802082077258216
0.31739702790603563
-0.3935438894783113
0.18913602910252636
0.7839098611133528
0.37416857137880677
-0.9695113535087027
0.09381990752686087
-0.5067763140807523
0.9113612171230228
0.4416007724366595
0.03583841043174285
-0.5701062563017834
-0.7559110408625613
-0.10517431742913286
-0.2956993347747424
-0.46166177385504015
-0.14461134496826689
0.6290187015222479
 0.759763178796256
-0.5328592440629909
0.08924923562904663
0.5573677388725153
-0.4498677516016062
0.36345518477090355
-0.40122142159164154
0.21784224945655262
0.1576475039254308
-0.853013881114607
-0.9196961232260806
-0.6070869143391113
0.11791395515060543
-0.763668404433459
0.3103146901450087
 0.686001766656551
0.9562391284317577
0.6157056845181912
-0.9631276058393937
 0.680011671806046
-0.8352104765990933
-0.7365774248369277
0.9657727518569532
0.8696353320956947
-0.08552755520220523
0.39774510981079825
0.23823873378635563
-0.16736438075451898
0.8225669139235365
0.39442041073862133
-0.8560940321633546
-0.529014555249108
0.9971941289052195
-0.5541395573070979
 0.522392806669032
-0.9424753352414833
-0.10703849045135228
-0.1269722969243463
-0.6770769058146855
-0.4413047420407561
-0.9316447249401212
0.22676268018481105
-0.17503069523649184
-0.27778233383326156
-0.36303046295394026
0.8510991400406633
-0.9614805402023506
-0.0040107557581884334
0.8009742335061356
0.7236168131508574
0.5066885347777823
-0.9390793782689281
 -0.36327492107479
-0.9046049511439483
-0.7075744447762193
-0.6284322351201672
0.7026737510374912
-0.21332921791923498
-0.3015373654967596
0.9763116076272271
0.9628456915529231
-0.5154243110272183
-0.11915387148947698
0.7192139208616666
-0.9988431389318291
0.10728478533950336
-0.8376090963759694
-0.30166220337934124
0.13959161868575243
0.5531000898115792
 0.343740457073211
-0.9159958298618501
-0.2691330560175591
-0.6304888284758625
0.34435775629345167
-0.8876072932817451
0.71657218122491
0.44770316157189183
0.1978614615762515
0.45251043595406926
0.03331721879115235
0.5610505020477008
-0.23720096195316975
 -0.42515553559079
0.6254396944425005
-0.20325751093753286
-0.21614845536704308
 0.916814158470918
-0.949852712057513
0.7420097161434458
-0.7003957603754298
0.6763906707762459
-0.063181811315838
-0.048469154013393134
0.2581886827926796
0.5755300008556741
-0.5551244013168302
-0.6513190777475377
0.4628370581156076
0.16937345875354048
-0.4392344712874008
0.9382480166343776
-0.615029196629322
-0.7725659434007905
-0.7402359715890283
-0.9470600741182126
-0.629751807427162
-0.9049961663777183
-0.5471423611649827
-0.8909183834417903
-0.4007539545066223
0.25531604118001927
0.7323594769710295
 0.683206322529547
0.6824181784103072
0.8202246148231136
0.1849853040958951
0.6838837943605245
0.9289296914361616
-0.7810029919326161
-0.9163172413644891
-0.5203099725068088
0.7642026742689318
-0.3791126610234813
-0.663810363649231
0.2000774278976032
-0.3466767524043438
-0.9691711813802424
0.6324917141037427
-0.14074822437938028
0.2353818411350621
0.6911286725642001
-0.21301518577255518
-0.4654322610978622
-0.5426409807687631
-0.018014698207252988
0.6144114308972588
0.19960753258219865
0.36933416919498496
 0.061347512908144
-0.8882734211562484
-0.7608611018716956
-0.8627219609491176
-0.6588675473270945
-0.7667821754880371
-0.24767289180549945
-0.1337071723294485
-0.47982014279335383
0.07803554381950906
0.9590387722437812
0.40723287344237913
-0.11350674855259812
-0.13986548195345694
0.22315882019947209
-0.4103850639879514
0.5929835682529829
-0.6842400109083822
0.5507122795116199
0.8951492148167406
-0.509138369014096
-0.8069430360246498
0.6154038043687353
0.7202711164978077
-0.840058192129059
0.5760831518439571
0.0005862786257357921
-0.6949189774613838
-0.9064450241037667
-0.42470518979442384
-0.4631557547888766
-0.889125609587191
0.7629052099918632
-0.2401833539726993
-0.48218030834020187
-0.5114849865295577
0.1528497986116364
-0.8220534508311561
-0.5037927254549399
-0.1594433778399731
0.02474449251414157
0.09097295880262912
-0.06077036066361119
-0.35185573396499137
-0.7262548320894509
0.01813471831535196
-0.6870074953490545
0.5188270545808527
0.7372856169001216
0.16348747100697336
0.7755904771799305
0.5896465270542093
0.6731650360140913
0.76756765732811
-0.9753300811481754
 0.564385162243946
-0.40374821793825677
0.47162921225260646
0.9859326816882676
-0.9847000223918708
0.4569792994090811
-0.2740819349528887
-0.6068886144599741
0.6537013250411401
-0.5331949152343172
0.5058326269290785
0.2545515083410921
0.12335756070044246
0.9957265770076411
-0.6432917561906535
-0.8877834517562808
0.4262048343323208
0.43178372147571453
-0.515796588871869
0.8435579259716646
0.3599818793281986
0.43035876704696197
-0.16072207013558748
-0.9645408885650438
 0.714248664664414
-0.8277309297949023
0.4097053431379618
0.9715495537481349
-0.07665297667552218
-0.6921362999038604
-0.5310919670865641
-0.8838304502980167
-0.2680517019072146
-0.3648171621909788
 0.268155616850813
-0.8336800377272819
0.9591049346391332
0.9792638072232218
0.15566611572012135
0.23516707947107762
-0.19655025958797134
-0.7387418742024506
-0.7786829379851231
0.8732411509473152
0.20817594715426502
-0.3972127985034346
-0.4395213474939139
0.09854572541488782
-0.4513544047871427
-0.571051795358891
-0.7366880352073115
0.13716132623379607
-0.7570072212276685
-0.29587622707764816
-0.5114579962981324
 0.591177698972285
-0.17443847985142902
-0.9565666193018424
0.6562510727865476
0.03513848775972672
-0.1563464723299497
-0.5013650689474194
-0.7164786632289761
0.24323026765054423
-0.20502668546678993
0.4226387977326438
-0.6785225965462549
0.30557653869095525
-0.4404399351885564
-0.5719771864068067
0.1807795713786946
 0.892051128883115
-0.9523791314354554
0.29024390448299586
-0.10070869638476976
0.06600257122531095
-0.45097764682999386
0.29971270376777936
0.056209641135575694
0.09954442043511169
-0.6548345576129813
0.3647797914035771
0.5781326019835891
-0.8630842626393547
0.5079327833655798
0.9559909418905992
0.7759032955341947
-0.29777901707492627
0.40643155738322
0.6217404373439863
0.49019575567807183
0.9302832274938462
0.15537574058806447
-0.7338746620523424
0.3385369052345788
-0.04171088288023361
0.14096393115845895
-0.7764216919812901
-0.10058130417577882
0.5324336139592649
0.8250535119893616
0.9260861545428241
-0.7659111925679731
-0.9517660283599669
0.12521107177903046
0.5062587814045421
0.3605388567878989
0.28878282232507346
0.3003768104375577
-0.6828097508669013
0.6993886915183183
-0.051553207966323344
-0.6723448950155195
0.11293405393159439
-0.3126874617710238
-0.3190023602027168
0.8123254747838617
-0.6076082132392695
-0.42731396774558317
-0.002399239008387122
0.7427001532970607
0.5515452372186507
-0.342203653125846
0.9317420939747836
-0.029507338541216788
-0.8992068865022675
-0.4496233515167397
0.27503194389829266
-0.5998167231049014
-0.9536326517782622
0.4911820969023062
0.5180577455543303
-0.0750177918405186
0.38989380757378655
0.02352002905865369
0.13706070245176116
0.8104298414494859
0.6305875176419853
-0.14503277824676308
0.9577034609011195
-0.03847145094812432
-0.4602067497608542
-0.3304782986151369
0.8362334189030005
0.5226912494364473
0.7778725370584627
0.5821613735184497
-0.5421634749213416
0.8895131702054464
0.6769431130415897
0.19159292471971345
0.1063968947039291
0.6853873818118896
0.008919537785416098
0.8734473537902088
-0.07023134339203219
-0.8116006190877048
0.7268639942330171
0.8743264941852491
0.9410742368982228
-0.43627252930562155
-0.20754632504874237
-0.6005746381198322
-0.010877680541295565
0.7762035823795921
-0.09971722320410381
-0.6333976131403958
-0.5199478992869764
 0.455570571102075
0.9602269904841076
0.09205431566516054
0.6483617721549009
0.9981517151267121
0.3189737522988927
-0.20573918095308175
-0.846443097594572
0.6580933451605719
0.06234970442265131
-0.2594578911558809
0.09226129970040975
-0.32950144397666026
-0.5344898995909073
0.12031222982590051
-0.05727710086663984
0.25570432771926255
-0.5037770900612707
0.0366654239536246
-0.3318665087041033
0.8647353618313782
0.43418972447559345
0.23133746811799782
0.8420816447719277
-0.42182218896683155
0.7997815371728001
0.44290445059931893
-0.6670930413616636
0.5069731990016653
-0.6461016047019834
0.6616132220588526
-0.8634509259304397
-0.6035669709094649
0.015076298161684099
-0.8590170365603481
-0.1200911584804859
0.2075085809486461
-0.8450307358320047
-0.10312225610859493
-0.04454740034441884
-0.47040167790289633
0.43010935269770445
-0.31388810388380106
0.22760079760339114
-0.8369720762322522
-0.31806379344287994
0.21156831493539108
0.7525925433359606
-0.12916954401425584
-0.13290186330373344
-0.11933635852119684
-0.24137364613718082
0.5372905286738381
-0.12811969754128016
-0.9384644859875633
-0.5911123580875408
0.02362279844075843
-0.23089457300041305
-0.9794941963413916
-0.5069072230016389
-0.8949221557285679
-0.17159576004091048
-0.8145645689797102
0.9881903948669832
 0.716154352002728
-0.802371422935043
-0.5800960258754047
0.9524174913517829
0.42634956076672226
0.003380915229337589
-0.841425476846996
-0.38660910630587386
0.4827468521610421
0.1115215514338126
-0.22654240599095943
0.1633281078103146
-0.9886425042999656
-0.2485982031286177
 0.627254636084269
-0.39990998346722906
-0.21085348375532076
-0.8986073518546265
-0.8623396307460787
-0.02570469551850474
-0.4707466268075001
-0.5026298720563571
-0.9008693192815433
-0.16756925249705434
0.37229155661896307
-0.9088588544895351
0.5052827787861411
-0.6373832756825728
0.8481070104681256
 0.748965102418454
-0.703540606393807
0.36835484747994873
-0.2899095752794463
0.3589107096915205
0.8552440646479791
0.15671333477335114
-0.6442208851648739
0.9079749383307567
0.7352361526142324
-0.6042507848507088
-0.25411178480976104
-0.06778037207449772
0.4173032400458032
0.5931666151293098
0.4425867114358666
-0.9429253312354751
-0.28581774805970894
0.4767142461781333
0.9332282748683056
-0.3762509442366404
0.14407133425432073
0.4414901772751294
-0.3434756850594989
-0.25384238427666683
-0.8218728200957424
 0.533074629558552
0.3510304106675468
-0.6029066911701114
-0.22221358153747683
-0.457878936754738
0.8405317720866141
0.6462266067597575
0.9513238653672196
0.6133629218480432
-0.10898882248159514
-0.750202988469289
-0.4983983899817154
-0.24175530474631524
0.8674776192406679
-0.5406844530759993
0.7252672594896825
-0.3903856244577131
0.25374142046825376
-0.9200015001707896
-0.5132511522641976
-0.6652566588319473
-0.00857019615712018
-0.9737622444724693
-0.46889438984315146
 0.972750033182292
-0.6681637402114777
0.8988443778945401
-0.07415338425957863
-0.9320869796232601
-0.6101083724898384
-0.3896743588277116
0.8163419326276384
0.4535031203401396
-0.2498719896386835
0.5103198440256898
0.021490914877869693
-0.1859329874700546
0.6581292307553361
-0.05379244593067445
0.4625811170350045
-0.12404063761246331
-0.2418342193468057
-0.5975590503509427
-0.20595191813551306
0.9599125977136713
0.7485940581923951
0.6098724843618517
0.7840418011234624
0.2787787176166394
0.14800995105802595
-0.1457288168434755
0.4506081774527193
0.03350906072921411
-0.6487779950235677
-0.0929520376610875
0.1144983006590019
-0.7031396574965887
0.9146169890284999
-0.3333877562312273
-0.7804728997982748
-0.049050701322387424
-0.9054139255377329
0.15016735390468172
 0.967479647446267
-0.6647545996669173
-0.44883982017833657
-0.4982389115745317
-0.7952296029081415
-0.22233081881784622
0.4999906424154519
-0.004741180107342702
-0.7883735349834675
0.9269478118592134
0.5045101164753285
-0.7992648090418454
-0.36676502444297765
0.9069134264366203
0.03303655213564727
0.8317588280331114
-0.8952315777014315
-0.7982161311428366
-0.9317163337095647
-0.16176607239653318
-0.7631926788959267
0.016362240434911968
-0.6570268861832025
-0.7339729548366574
-0.27982085484427466
-0.9619309232106465
0.15351445123781193
-0.10572997424047181
0.22795223038242707
-0.7843833710473247
0.7466765258690367
0.04410599213456501
-0.20351226465429872
-0.7611406554581781
-0.3079325862117549
 0.573122762544334
-0.7818769428497712
-0.9241110679877991
-0.44918518198380375
-0.4481613920967219
0.18530805905326497
-0.9250882616403532
0.6101266495372233
-0.7224595690355669
0.5317534449444723
0.9751933747801897
-0.4618017955035276
-0.8403713094386904
0.8847029746110853
 0.924545219862067
0.3055205903895901
0.49400318442195945
-0.4604089658590145
0.40254331402532895
-0.04034148200901044
0.9608206185912243
0.8197875512720032
0.26760898819609236
-0.9681136149773716
-0.4852694933252565
-0.8310742562130549
0.71035587678497
0.5867221624233676
-0.27870827215186833
0.0069340061761549165
0.7587709370139097
0.39360115777551585
-0.9271765021651589
0.14132772182936626
-0.8190600480731918
0.6756787745352109
0.04716067413087721
0.8239292319269829
0.2718968014936327
0.4993099803648178
-0.19669866303750505
0.24525113335195714
0.18376204393521745
-0.3842295767354812
-0.8553614906559469
0.3425696787512085
0.9111988883458553
0.6210859087042688
-0.27148300590471486
0.05587625011432995
-0.634801886262879
-0.1412423484456009
-0.30932397282261315
-0.7019721133933056
0.6048411206459599
0.31268771995850453
0.27813748502561175
 0.354647401222729
0.23596028350180598
-0.8806527830942071
0.9953458440319316
 0.764834194991795
-0.6833463742840497
-0.7889184328360553
-0.44894514529078045
 0.935377407498305
0.06346520302943359
0.6509565576596539
-0.26114616891678144
0.6922727805939037
0.9452815345894086
0.6649405653000986
0.8926738647653223
-0.6526779500206075
0.07518488375127386
0.6641227355377084
0.6657095953375138
0.15780653762645058
 -0.26197399710422
0.9030022665029998
0.21490288995837847
0.8951765860288519
0.7353300058230996
-0.2955252764818307
0.20964695003915668
0.14056917737878183
-0.639924143437907
-0.8871393183032125
-0.6407212793565417
 0.499651987134466
0.021829091950174906
-0.40087723761881944
0.20866544201681703
0.26225404950749875
0.05926864751543581
0.6537903962762399
0.6691899407828561
-0.01679055749071634
-0.9701476468105901
0.3116049677415411
-0.10610513224981133
0.051447378081257655
-0.44407392877115714
0.8649852500542154
-0.4125973627893458
-0.6851987017318417
-0.9214748969449452
-0.7888632101831117
-0.4293922525350097
-0.5670691954935793
-0.17566544794073302
-0.016267893678330814
-0.350937507116741
0.5658479160620542
-0.19564265170843465
-0.590093064530721
-0.8447748677860809
-0.4295860438974648
-0.5149603293551399
0.6645810656432294
-0.34702745931310996
0.14915942305156382
0.6780926569172749
 0.527947492207457
0.8712251594498921
0.35206183748179964
0.6214115812686116
0.7827643524476666
-0.9564876191263586
0.04976956806819022
0.15842839737971848
0.39076216440952427
-0.728878475888994
-0.19565827724683027
 0.997502828657107
-0.30490614984494735
0.24200415507969653
-0.7895257352964168
-0.263093585252701
-0.7703886543384855
-0.7383871498364707
-0.8194235495268101
0.7815488591287638
-0.34734463767394086
-0.44272313928514173
0.7750249398709894
0.4342124702223027
-0.41838626761518893
0.9317897691036365
-0.7713448700883547
-0.9393379321248753
0.9892421864564676
0.046280061071322764
-0.4410118624108761
-0.49143268775636473
0.18754215339310898
0.9882708289388689
-0.23277328604862357
-0.029382006250705528
-0.9131221122865087
0.5328730294176838
0.4667873668276401
0.8746622592770403
-0.4248480830779433
0.05699814233312561
0.2566822013467236
-0.916483578864724
-0.4619382409137227
-0.9550451462879427
-0.13711204610833605
0.28134937330520304
 0.782622629948035
-0.11025786054753595
0.4984847239178336
0.04442000757480913
-0.9467455132348017
-0.5709340455129442
-0.6438679189263301
-0.8149807080950978
 0.428614314692664
-0.29933370986684293
-0.1306145730407705
-0.4590611986207319
0.20634649010102613
0.2067711666100227
 0.800509291042331
-0.6032491751649749
0.24910632623958873
-0.9394654167839819
-0.925280648707264
0.44553837598749024
-0.23044381658677193
-0.17017542768778904
0.08058477845494605
-0.20817012972558124
-0.571701682935714
0.5667246140484559
-0.4369179992613459
-0.35801999943034246
0.7356552431741552
0.09165290581582286
-0.5833359304456617
0.4143616292108636
0.22076281898837613
-0.4321618233209945
0.10653291571734846
-0.34310144521233465
-0.521752387145719
0.8411009691639457
-0.5504505166379214
0.6696351809128784
0.08781218044049455
-0.3237360509293118
0.25920005872027096
-0.01859182838414286
-0.3867550207123418
0.9216532516601676
-0.8219685731710124
-0.6163053910813037
0.6330776337277626
0.5161617155205052
0.6345424032136762
0.3484269633674084
0.8750304996783826
-0.3803608366893677
-0.15979613515520774
0.4659081550608486
-0.5095116398617048
0.07714007002354362
0.3001593478789384
-0.231800374299858
-0.23633457273090586
0.42044961595757835
0.9211637521098648
0.3428846609021676
-0.053324124314746424
-0.5487056817283864
0.2623839021484009
0.39368448177858784
0.7670291218087972
0.03536359094979469
-0.6546809856028672
 0.564752276420057
-0.7919720517708843
-0.6607314277201355
0.03071793132761358
0.9258751296809464
-0.9007831179356889
-0.08578454038670968
-0.8277152552937106
0.5565819988815002
 -0.78522287346724
0.5019445850490831
0.9479283777350946
-0.1632832796086462
-0.16303329333381544
0.33643928314124816
0.004553889876184769
-0.8040877442567936
-0.004373952341866327
0.49863922953691886
0.5011941246344203
 0.523628885567754
-0.7006727974130972
0.3748315132526887
-0.23248882329315657
-0.5638718224633079
-0.1815961695507593
-0.6928448216248773
-0.857348282450547
0.34513333055855866
-0.33219245081706916
-0.04462062141906642
-0.2897159112218698
-0.5388841640774397
-0.21998729506544723
0.03935682171806398
-0.8569836931244368
-0.989130420798164
-0.8816548809421956
0.26637772232377066
0.3126789187241601
-0.6245930273854774
-0.5261716941672296
-0.17828045873250375
0.4028589582118538
-0.32032371085570477
0.34718401759471074
 0.626997993843335
-0.2004202768870854
0.09915109895242913
0.8305661276185223
-0.8595619106303158
0.8528717474743392
0.8674084198365477
-0.4421471073209118
-0.06882231136214134
0.5807330779000544
-0.2820519030430487
0.010068580552749395
-0.3570681964410567
0.8208361482832434
0.35209944856317366
0.12355072841748682
-0.02826624024089519
-0.7902607648045136
-0.35073949480505395
-0.8630691061825926
0.45158207006940576
0.7493816570559508
0.23036078931020265
-0.10636276116238108
-0.010494263957110395
-0.2664154355436589
-0.5993731260599784
 0.449887381882875
0.9543073284990975
0.10292762646381948
-0.5164663900903328
-0.8652228036354348
 -0.47949539547151
-0.7390493919454499
-0.11907023789630855
-0.7087157317200551
0.09284645898642596
-0.2610900011825801
 0.423238958385725
0.11109990205050213
-0.3267734232535966
-0.4330796926493148
-0.34497578833971343
0.5531505326349047
 0.818735908424111
-0.05620736393439174
-0.9075107000237246
0.42958767964754463
-0.10160589460707914
0.23205249450650278
0.7477028822821667
0.4558569897901641
-0.7763574100859294
0.7364545920748313
0.43497293389096425
0.49682677180805923
-0.6772630878257474
0.8244159587401059
0.31781471143817575
0.1759779972490063
-0.7855006159790314
-0.0592584607641935
0.5579898145215492
-0.21560664888248204
0.39418436340530594
-0.26703936448729126
-0.17984120581166685
0.12522381339688615
0.7279947525768229
-0.6532923475090822
-0.04900098117173224
0.9906633742040782
-0.03217209654997555
-0.6830178184554221
-0.5388194638136583
0.5616223421893207
0.2686444637660437
0.04489886091981754
-0.21505470105605395
-0.16285881542610148
0.23595176979468957
-0.8729735341384857
-0.12727738728527005
0.7067954662309996
-0.49680210753874554
-0.9997082375458822
-0.2631652401068528
0.5648456090142588
0.7384326038444242
0.5171712938186219
-0.49679932081954636
 0.805389097288072
-0.9145367159978626
-0.4883180156367869
-0.003341724799200807
0.6167882270105245
0.38315746820183705
0.6381848123419633
0.34205149844164606
0.7046401250874614
-0.22349067767111686
-0.3647227670730574
-0.9740154727953897
-0.5547333388710323
-0.24336461869161008
-0.6986656871582091
0.14731113817827612
-0.002933590783832263
-0.6777916887456248
-0.9752179381446799
0.010155182642371585
-0.31623871430873696
-0.4766935387082143
0.13577368057405126
0.7202681240915298
0.6239384977888112
-0.48892560576457544
0.21384442324436614
-0.9399539495275678
-0.5062742614041638
0.7317592741086771
0.9101376463755932
-0.9247903734650385
-0.8289038607771075
0.46094881377951236
-0.8963055050645429
-0.2412457384936415
0.5813303963015639
-0.9044401870746219
-0.10981618064680532
0.2819981388726547
0.7881108655203193
-0.7567730455563364
-0.9316611568268031
-0.3749118409978196
0.07573836603680895
-0.8697748501038807
0.9261889025908367
0.76649671853777
-0.33646342358836934
-0.915580102715486
-0.05627657140554998
0.2968250360484801
-0.5992726535530011
-0.2270102161703098
-0.23952617297892498
0.6298152905953878
-0.4434015341658396
0.7867202318574478
-0.1904093143309138
-0.8724873426675323
-0.049385442168457305
0.41872540056508045
-0.1964187924251235
-0.5998215174344981
-0.846770324236077
0.8441581439604717
0.29862978136492324
-0.47789247764140785
0.8135254345743961
-0.9262397095761933
-0.07784126851458317
-0.538790074654898
0.0134235318639917
0.6140497457129537
-0.3111433149998596
-0.41446022103804236
-0.26143262155577485
0.6262504642256215
0.1591886579618056
0.2268588518090533
0.4001317400643627
0.40768084939259275
-0.32607452308985574
0.5574662034537781
-0.4429400725786973
0.5430137774222685
0.9931526801225257
0.09194227415498046
0.5432316671458011
-0.944447046851445
-0.8331853694187731
0.35222851698333324
-0.25662735128496894
0.8733156124280765
-0.9340517897026819
-0.05408255725316191
0.9117317571545065
 0.319893499706833
0.40026892418195126
-0.5211755276636884
-0.2519602997018697
0.9835303916404223
-0.7962823065186271
-0.7023435061697958
0.41860028333133226
0.38427157404668755
-0.9553812034493631
0.9692904834408247
-0.6596811186926222
-0.5315109560643626
0.07836658643351879
-0.4661894583358862
-0.7083304527505471
0.36831378634199496
0.9119109306697963
-0.6195693815960848
-0.7193534087070894
0.29233373972418586
-0.7871942215600579
-0.717209423719341
0.5229828238253735
0.20467061207858617
-0.4461456837983232
 0.233387622747244
0.3919486814635016
0.9077367615234146
-0.13806020676729225
-0.4223119329496341
-0.9109577233744992
0.12480305558951121
0.9843689478301656
-0.3865856871840523
0.7907777906084765
-0.4551844597286797
0.5774846541950567
-0.8141492135162531
0.2109788831798145
-0.8406481864036648
0.9526314941279077
0.9217291088460184
-0.8243278587883425
-0.39918150791740425
0.6724601548669751
-0.9602376360530427
-0.9841024541944992
0.9400443860224423
-0.8884410394086298
0.2016697982033484
-0.08328477977943582
0.32371555440198696
0.6711826243093009
0.9959836937190647
-0.7778499887292629
0.5267316578149821
0.4713892627192111
0.8330303844229425
0.4224732634622941
0.2251738183273242
0.44274453362942867
0.15740280421700503
0.046453818708980466
-0.36525423692312076
0.7606582987152624
-0.10722027208923057
-0.1445468254157517
0.6892984640608006
0.7694463911108791
-0.6315866804665337
0.4073233899918858
-0.7574061780304426
0.9153161841056006
-0.0988179124712425
-0.5866894711491067
-0.08760679907770863
0.2262903200374422
0.0612729769165552
0.9852794569763741
-0.7421298930437673
-0.8995017411158643
-0.44913109073012025
0.5339474723008197
-0.20220780495256974
-0.3394929454274509
0.15080172808934678
-0.9938009387086584
-0.05493557172247587
-0.5627015681269045
0.7674887365028393
-0.4659793363946795
-0.2226200071191865
0.8821269873154711
0.6753191523623214